local	gen	bloco	np	bact	antfo	antva	manfo	manva	rend	mmg	def	dem
CH1ES	ANFc 9   	1	71	1	1	1	1	1	3612,45210727969	292,310344827586	41	95
CH1ES	ANFc 9   	2	57	1	1	1	1	1	4164,79885057471	287	42	95
CH1ES	ANFc 9   	3	94	1	1	1	1	1	4294,00383141762	259,289655172414	40	95
CH1ES	ANFc 9   	4	86	1	1	1	1	1	3473,4993614304	290,620689655172	42	95
PS1ES	ANFc 9   	1	67	4	3	6	1	6	3537,93	251,59	NA	NA
PS1ES	ANFc 9   	2	70	5	2	5	4	4	3551,76	257,31	NA	NA
PS1ES	ANFc 9   	3	89	1	2	5	4	7	5142,50	266,46	NA	NA
PS1ES	ANFc 9   	4	79	2	1	6	1	4	4409,88	271,93	NA	NA
CA1ES	ANFc 9   	1	76	1	1	4	1	1	2057,23180076628	269,310344827586	42	112
CA1ES	ANFc 9   	2	70	2	1	4	5	1	1865,49169859515	274,868965517241	41	112
CA1ES	ANFc 9   	3	81	3	1	1	3	1	4319,77011494253	239,834482758621	42	112
CA1ES	ANFc 9   	4	73	2	1	1	2	1	3189,89463601533	259,827586206897	43	112
CN1ES	ANFc 9   	1	63	NA	NA	NA	NA	NA	3872,31162196679	284,193103448276	39	84
CN1ES	ANFc 9   	2	65	NA	NA	NA	NA	NA	3116,39846743295	288,331034482759	38	84
CN1ES	ANFc 9   	3	75	NA	NA	NA	NA	NA	3238,15134099617	265,820689655172	39	84
CN1ES	ANFc 9   	4	54	NA	NA	NA	NA	NA	3254,34227330779	275,218390804598	39	84
CH2ES	ANFc 9   	1	100	5	1	1	4	3	2657,93103448276	254,772413793103	32	82
CH2ES	ANFc 9   	2	90	5	1	2	3	2	2767,07535121328	258,841379310345	32	87
CH2ES	ANFc 9   	3	89	5	1	1	4	2	2847,68199233716	253,868965517241	30	82
CH2ES	ANFc 9   	4	86	3	1	1	3	3	3053,89527458493	274,850574712644	32	93
IT2ES	ANFc 9   	1	70	NA	1	NA	5	3	2567,0	208,9	38	88
IT2ES	ANFc 9   	2	79	NA	1	NA	5	2	2652,2	213,0	38	90
IT2ES	ANFc 9   	3	76	NA	1	NA	4	2	1361,1	205,3	38	101
IT2ES	ANFc 9   	4	80	NA	1	NA	5	3	2176,2	206,0	38	101
UR2ES	ANFc 9   	1	50	1	1	1	5	6	1862,62	NA	41	96
UR2ES	ANFc 9   	2	55	1	1	1	6	6	1964,52	NA	41	94
UR2ES	ANFc 9   	3	53	1	1	1	5	6	2769,27	NA	41	94
UR2ES	ANFc 9   	4	46	1	1	1	5	4	2520,31	NA	41	94
XA2ES	ANFc 9   	1	63	4	4	9	4	1	2097,39463601533	NA	NA	NA
XA2ES	ANFc 9   	2	89	2	2	1	3	4	1686,63793103448	NA	NA	NA
XA2ES	ANFc 9   	3	76	3	1	3	3	2	1652,98850574713	NA	NA	NA
XA2ES	ANFc 9   	4	82	3	3	6	4	3	2020,31928480204	NA	NA	NA
CH1ES	Avaluna	1	105	1	1	1	1	1	3369,88825031928	234,101149425287	40	95
CH1ES	Avaluna	2	98	1	1	1	1	1	4019,42528735632	239,172413793103	38	95
CH1ES	Avaluna	3	88	1	1	1	1	1	3591,4367816092	240,634482758621	39	95
CH1ES	Avaluna	4	82	1	1	1	1	1	2931,89974457216	234,990804597701	40	95
PS1ES	Avaluna	1	101	4	5	6	3	5	5262,93	232,91	NA	NA
PS1ES	Avaluna	2	92	5	4	6	5	4	4029,12	240,74	NA	NA
PS1ES	Avaluna	3	83	5	1	5	7	7	3250,04	233,60	NA	NA
PS1ES	Avaluna	4	99	3	3	5	5	5	4916,90	238,82	NA	NA
CA1ES	Avaluna	1	74	1	4	5	1	1	3494,8595146871	245,954022988506	41	93
CA1ES	Avaluna	2	72	1	1	5	1	1	3857,04022988506	229,696551724138	42	94
CA1ES	Avaluna	3	76	4	1	6	6	5	3912,15836526181	227,310344827586	42	94
CA1ES	Avaluna	4	78	3	1	1	3	4	4050,88122605364	252,547126436782	43	94
CN1ES	Avaluna	1	91	NA	NA	NA	NA	NA	3343,29821200511	234,990804597701	37	84
CN1ES	Avaluna	2	91	NA	NA	NA	NA	NA	3419,87867177522	222,685057471264	37	84
CN1ES	Avaluna	3	84	NA	NA	NA	NA	NA	2832,18390804598	207,558620689655	37	84
CN1ES	Avaluna	4	83	NA	NA	NA	NA	NA	3002,91187739464	228,468965517241	37	84
CH2ES	Avaluna	1	97	6	1	1	3	4	2522,19029374202	217,91724137931	31	82
CH2ES	Avaluna	2	96	5	1	1	5	3	2768,28544061303	229,6	31	82
CH2ES	Avaluna	3	98	5	1	1	5	3	3011,0632183908	239,793103448276	30	87
CH2ES	Avaluna	4	95	6	1	1	4	4	2857,26053639847	236,689655172414	30	82
IT2ES	Avaluna	1	80	NA	1	NA	7	5	2557,2	187,5	38	82
IT2ES	Avaluna	2	75	NA	1	NA	7	5	2825,0	207,4	38	85
IT2ES	Avaluna	3	79	NA	1	NA	7	3	2627,1	201,3	38	91
IT2ES	Avaluna	4	79	NA	1	NA	7	4	3096,6	195,1	38	91
UR2ES	Avaluna	1	72	1	1	1	7	6	2217,72	NA	41	94
UR2ES	Avaluna	2	68	1	1	1	6	5	2394,13	NA	41	94
UR2ES	Avaluna	3	71	1	1	1	5	4	2056,55	NA	41	94
UR2ES	Avaluna	4	74	1	1	1	6	5	2650,03	NA	41	94
XA2ES	Avaluna	1	51	3	1	1	3	5	3571,38569604087	NA	NA	NA
XA2ES	Avaluna	2	91	4	4	1	4	4	2767,04980842912	NA	NA	NA
XA2ES	Avaluna	3	86	3	1	1	4	4	2167,66283524904	NA	NA	NA
XA2ES	Avaluna	4	80	3	1	1	3	1	2267,9374201788	NA	NA	NA
CH1ES	BRS Ametista	1	80	1	1	1	1	1	3677,63729246488	255,411494252874	36	95
CH1ES	BRS Ametista	2	75	1	1	1	1	1	4652,97892720307	261,698850574713	36	95
CH1ES	BRS Ametista	3	85	1	1	1	1	1	3912,83524904215	237,241379310345	36	95
CH1ES	BRS Ametista	4	93	1	1	1	1	1	3803,95593869732	265,694252873563	37	95
PS1ES	BRS Ametista	1	101	2	1	4	1	6	3706,35	242,60	NA	NA
PS1ES	BRS Ametista	2	82	4	1	2	4	4	3948,43	240,89	NA	NA
PS1ES	BRS Ametista	3	80	3	3	5	8	7	4110,34	236,36	NA	NA
PS1ES	BRS Ametista	4	77	3	1	3	5	7	3894,41	245,72	NA	NA
CA1ES	BRS Ametista	1	79	1	1	6	1	1	3049,02298850575	264,303448275862	40	98
CA1ES	BRS Ametista	2	76	2	1	1	1	1	2902,56704980843	250,703448275862	40	112
CA1ES	BRS Ametista	3	77	4	1	1	5	4	3413,9846743295	258,537931034483	41	98
CA1ES	BRS Ametista	4	65	3	1	1	5	3	2950,39591315453	275,44367816092	42	98
CN1ES	BRS Ametista	1	98	NA	NA	NA	NA	NA	4591,7496807152	263,245977011494	35	84
CN1ES	BRS Ametista	2	63	NA	NA	NA	NA	NA	3291,44316730524	235,241379310345	35	84
CN1ES	BRS Ametista	3	89	NA	NA	NA	NA	NA	3187,41698595147	255,413793103448	35	84
CN1ES	BRS Ametista	4	91	NA	NA	NA	NA	NA	3191,71775223499	251,889655172414	35	84
CH2ES	BRS Ametista	1	103	6	1	1	4	3	2460,31928480204	227,006896551724	28	82
CH2ES	BRS Ametista	2	104	4	1	1	4	2	3245,84929757344	235,733333333333	28	82
CH2ES	BRS Ametista	3	94	5	1	1	4	2	3356,32183908046	237,627586206897	29	82
CH2ES	BRS Ametista	4	86	3	1	1	3	4	2990,22988505747	243,172413793103	28	82
IT2ES	BRS Ametista	1	78	NA	1	NA	6	3	2227,8	197,4	36	88
IT2ES	BRS Ametista	2	75	NA	1	NA	7	5	2539,2	211,5	37	85
IT2ES	BRS Ametista	3	66	NA	1	NA	6	2	3237,7	232,5	38	93
IT2ES	BRS Ametista	4	77	NA	1	NA	7	3	3503,9	220,0	38	91
UR2ES	BRS Ametista	1	65	1	1	1	5	5	1907,10	NA	41	94
UR2ES	BRS Ametista	2	54	1	1	1	6	4	2036,63	NA	41	94
UR2ES	BRS Ametista	3	53	1	1	1	6	5	2417,78	NA	41	94
UR2ES	BRS Ametista	4	77	1	1	1	5	5	2810,00	NA	41	89
XA2ES	BRS Ametista	1	50	2	5	5	4	4	2869,72860791826	NA	NA	NA
XA2ES	BRS Ametista	2	85	4	1	4	4	4	3566,6091954023	NA	NA	NA
XA2ES	BRS Ametista	3	83	4	2	6	4	7	2424,48275862069	NA	NA	NA
XA2ES	BRS Ametista	4	56	3	5	5	3	2	1848,27586206897	NA	NA	NA
CH1ES	BRS Campeiro	1	87	1	1	1	1	1	3789,8275862069	247,701149425287	37	95
CH1ES	BRS Campeiro	2	69	3	1	1	1	1	4478,75798212005	246,83908045977	39	95
CH1ES	BRS Campeiro	3	84	1	1	1	1	1	3897,31481481482	250,788505747126	37	95
CH1ES	BRS Campeiro	4	87	1	1	1	1	1	3149,45402298851	236,085057471264	36	95
PS1ES	BRS Campeiro	1	81	4	4	7	4	5	4589,43	229,47	NA	NA
PS1ES	BRS Campeiro	2	88	5	4	7	3	5	4179,75	242,21	NA	NA
PS1ES	BRS Campeiro	3	80	4	1	1	6	7	3930,06	236,63	NA	NA
PS1ES	BRS Campeiro	4	88	5	2	7	6	7	5403,68	235,61	NA	NA
CA1ES	BRS Campeiro	1	72	4	5	7	1	1	3758,55683269476	243,935632183908	42	94
CA1ES	BRS Campeiro	2	77	1	1	4	1	1	3700,12132822478	237,549425287356	42	94
CA1ES	BRS Campeiro	3	77	4	1	6	4	1	3165,07024265645	212,032183908046	42	98
CA1ES	BRS Campeiro	4	71	3	1	1	4	4	2250,18518518518	239,733333333333	42	94
CN1ES	BRS Campeiro	1	86	NA	NA	NA	NA	NA	3773,5472541507	226,264367816092	38	84
CN1ES	BRS Campeiro	2	93	NA	NA	NA	NA	NA	3768,70051085568	236,351724137931	37	84
CN1ES	BRS Campeiro	3	90	NA	NA	NA	NA	NA	3172,99808429119	221,489655172414	37	84
CN1ES	BRS Campeiro	4	91	NA	NA	NA	NA	NA	3675,86206896552	224,32183908046	38	84
CH2ES	BRS Campeiro	1	94	3	1	1	3	4	3188,41954022988	216,131034482759	30	87
CH2ES	BRS Campeiro	2	98	4	1	1	3	3	2842,98531289911	224,593103448276	30	93
CH2ES	BRS Campeiro	3	85	6	1	1	5	4	2749,77011494253	215,875862068965	30	82
CH2ES	BRS Campeiro	4	83	5	1	1	4	4	2489,46998722861	215,954022988506	29	87
IT2ES	BRS Campeiro	1	78	NA	1	NA	7	5	2203,9	174,0	38	83
IT2ES	BRS Campeiro	2	78	NA	1	NA	6	4	1470,5	191,0	37	87
IT2ES	BRS Campeiro	3	71	NA	1	NA	7	3	2045,4	190,9	38	93
IT2ES	BRS Campeiro	4	79	NA	1	NA	7	3	2047,4	182,9	38	93
UR2ES	BRS Campeiro	1	76	1	1	1	7	6	2345,57	NA	41	86
UR2ES	BRS Campeiro	2	48	1	1	1	7	6	2471,46	NA	41	94
UR2ES	BRS Campeiro	3	51	1	1	1	6	5	2435,69	NA	41	94
UR2ES	BRS Campeiro	4	55	1	1	1	6	5	1968,26	NA	41	89
XA2ES	BRS Campeiro	1	76	3	1	1	3	5	3334,54980842912	NA	NA	NA
XA2ES	BRS Campeiro	2	78	3	2	1	3	3	2190,13409961686	NA	NA	NA
XA2ES	BRS Campeiro	3	76	2	2	7	3	3	2225	NA	NA	NA
XA2ES	BRS Campeiro	4	68	3	1	1	3	1	2102,57343550447	NA	NA	NA
CH1ES	BRS Esplendor	1	84	1	1	1	1	1	4191,00574712644	218,229885057471	42	95
CH1ES	BRS Esplendor	2	72	1	1	1	1	1	2629,78927203065	223,227586206897	42	95
CH1ES	BRS Esplendor	3	99	1	1	1	1	1	3659,92337164751	226,827586206897	37	95
CH1ES	BRS Esplendor	4	99	1	1	1	1	1	4034,77650063857	225,903448275862	40	95
PS1ES	BRS Esplendor	1	74	3	4	6	2	4	4590,12	217,24	NA	NA
PS1ES	BRS Esplendor	2	87	2	3	1	3	5	3526,58	215,97	NA	NA
PS1ES	BRS Esplendor	3	77	2	1	1	7	8	4649,81	216,39	NA	NA
PS1ES	BRS Esplendor	4	85	2	1	2	4	6	4101,93	214,25	NA	NA
CA1ES	BRS Esplendor	1	72	1	1	1	1	3	3194,89463601533	228,675862068965	43	94
CA1ES	BRS Esplendor	2	84	1	1	1	1	1	3846,75606641124	223,733333333333	43	94
CA1ES	BRS Esplendor	3	77	1	1	1	3	4	3581,03448275862	225,124137931034	43	94
CA1ES	BRS Esplendor	4	71	2	1	1	5	4	3906,94444444444	233,933333333333	42	94
CN1ES	BRS Esplendor	1	73	NA	NA	NA	NA	NA	3196,83908045977	237,537931034483	39	84
CN1ES	BRS Esplendor	2	69	NA	NA	NA	NA	NA	2868,45466155811	229,885057471264	38	84
CN1ES	BRS Esplendor	3	81	NA	NA	NA	NA	NA	2809,70625798212	233,563218390805	38	84
CN1ES	BRS Esplendor	4	68	NA	NA	NA	NA	NA	2290,35759897829	226,050574712644	38	84
CH2ES	BRS Esplendor	1	94	4	1	1	2	3	2276,20689655172	205,848275862069	30	82
CH2ES	BRS Esplendor	2	97	4	1	1	5	3	2782,87356321839	211,531034482759	32	87
CH2ES	BRS Esplendor	3	101	4	1	1	4	3	2817,24137931034	215,494252873563	30	82
CH2ES	BRS Esplendor	4	95	3	1	1	3	2	2915,86206896552	222,455172413793	31	82
IT2ES	BRS Esplendor	1	78	NA	1	NA	7	5	1829,7	157,5	38	84
IT2ES	BRS Esplendor	2	77	NA	1	NA	6	3	2942,1	177,7	37	84
IT2ES	BRS Esplendor	3	75	NA	1	NA	7	2	2179,9	180,2	38	93
IT2ES	BRS Esplendor	4	78	NA	1	NA	5	3	2187,7	163,5	38	93
UR2ES	BRS Esplendor	1	62	1	1	1	6	6	2086,97	NA	41	94
UR2ES	BRS Esplendor	2	57	1	1	1	6	4	2337,68	NA	41	94
UR2ES	BRS Esplendor	3	78	1	1	1	1	4	4132,23	NA	41	89
UR2ES	BRS Esplendor	4	38	1	1	1	5	5	2167,82	NA	41	94
XA2ES	BRS Esplendor	1	82	3	1	1	3	3	3111,74010217114	NA	NA	NA
XA2ES	BRS Esplendor	2	87	2	1	1	5	5	3043,13218390805	NA	NA	NA
XA2ES	BRS Esplendor	3	86	3	1	1	4	2	2290,29374201788	NA	NA	NA
XA2ES	BRS Esplendor	4	96	4	3	1	3	2	2619,96487867178	NA	NA	NA
CH1ES	BRS Esteio	1	100	1	1	1	1	1	3634,2337164751	231,579310344828	40	95
CH1ES	BRS Esteio	2	71	1	1	1	1	1	3898,02681992337	251,772413793103	41	95
CH1ES	BRS Esteio	3	94	1	1	1	1	1	3742,10727969349	248,524137931034	41	95
CH1ES	BRS Esteio	4	103	1	1	1	1	1	4093,00766283525	238,620689655172	40	95
PS1ES	BRS Esteio	1	65	5	3	4	3	5	3827,04	242,83	NA	NA
PS1ES	BRS Esteio	2	64	7	1	1	1	1	3406,49	232,92	NA	NA
PS1ES	BRS Esteio	3	80	7	2	3	5	6	5595,44	241,44	NA	NA
PS1ES	BRS Esteio	4	76	5	1	3	3	4	4465,34	236,81	NA	NA
CA1ES	BRS Esteio	1	85	3	1	1	1	1	4710,62579821201	258,55632183908	43	94
CA1ES	BRS Esteio	2	78	2	1	2	3	1	3782,98850574713	251,365517241379	43	94
CA1ES	BRS Esteio	3	72	5	1	1	1	4	4330,34482758621	234,124137931034	43	94
CA1ES	BRS Esteio	4	74	4	1	1	3	3	3760,77905491699	225,963218390805	43	94
CN1ES	BRS Esteio	1	79	NA	NA	NA	NA	NA	3806,21966794381	258,986206896552	39	84
CN1ES	BRS Esteio	2	92	NA	NA	NA	NA	NA	3694,20178799489	240,229885057471	39	84
CN1ES	BRS Esteio	3	86	NA	NA	NA	NA	NA	2585,04150702427	239,163218390805	38	84
CN1ES	BRS Esteio	4	92	NA	NA	NA	NA	NA	2920,26819923372	252,468965517241	38	84
CH2ES	BRS Esteio	1	82	5	1	1	3	4	2984,09961685824	228,404597701149	29	93
CH2ES	BRS Esteio	2	76	3	1	1	3	3	3018,74840357599	243,719540229885	32	93
CH2ES	BRS Esteio	3	75	5	1	1	5	3	2556,64750957854	232,275862068965	30	87
CH2ES	BRS Esteio	4	92	4	1	1	3	3	3184,03575989783	234,170114942529	29	87
IT2ES	BRS Esteio	1	77	NA	1	NA	7	5	2858,1	189,0	36	84
IT2ES	BRS Esteio	2	73	NA	1	NA	6	5	2687,7	195,9	37	86
IT2ES	BRS Esteio	3	52	NA	1	NA	4	4	2339,2	187,1	38	101
IT2ES	BRS Esteio	4	73	NA	1	NA	7	4	2347,0	183,4	38	91
UR2ES	BRS Esteio	1	70	1	1	1	7	7	2317,24	NA	41	94
UR2ES	BRS Esteio	2	51	1	1	1	6	4	3143,60	NA	41	96
UR2ES	BRS Esteio	3	42	1	1	1	5	5	2877,78	NA	41	94
UR2ES	BRS Esteio	4	46	1	1	1	6	4	2514,57	NA	41	94
XA2ES	BRS Esteio	1	86	4	1	1	2	1	3150,11494252874	NA	NA	NA
XA2ES	BRS Esteio	2	58	2	1	1	3	1	3133,99744572158	NA	NA	NA
XA2ES	BRS Esteio	3	76	2	2	2	3	2	2752,57982120051	NA	NA	NA
XA2ES	BRS Esteio	4	50	3	3	3	4	2	2180,30651340996	NA	NA	NA
CH1ES	BRS Estilo	1	82	1	1	1	1	1	3366,65070242656	252,540229885057	42	95
CH1ES	BRS Estilo	2	100	1	1	1	1	1	4202,77777777778	272,114942528736	43	95
CH1ES	BRS Estilo	3	94	1	1	1	1	1	3733,06513409962	267,383908045977	41	95
CH1ES	BRS Estilo	4	100	1	1	1	1	1	3599,92337164751	261,572413793103	41	95
PS1ES	BRS Estilo	1	84	4	1	2	4	4	4466,67	258,00	NA	NA
PS1ES	BRS Estilo	2	97	5	1	1	3	4	4925,32	257,18	NA	NA
PS1ES	BRS Estilo	3	89	5	1	1	4	4	4841,38	260,19	NA	NA
PS1ES	BRS Estilo	4	80	6	1	1	3	5	3748,14	257,11	NA	NA
CA1ES	BRS Estilo	1	73	6	1	1	1	1	3080,00319284802	264,611494252874	43	98
CA1ES	BRS Estilo	2	74	2	1	1	1	1	3477,02426564496	261,195402298851	42	112
CA1ES	BRS Estilo	3	69	4	1	1	3	1	3200,84929757344	263,554022988506	42	98
CA1ES	BRS Estilo	4	69	2	1	1	4	3	3606,03448275862	268,386206896552	42	94
CN1ES	BRS Estilo	1	81	NA	NA	NA	NA	NA	1758,42911877395	272,110344827586	37	84
CN1ES	BRS Estilo	2	79	NA	NA	NA	NA	NA	1520,65134099617	262,455172413793	36	84
CN1ES	BRS Estilo	3	83	NA	NA	NA	NA	NA	2061,99233716475	274,206896551724	36	84
CN1ES	BRS Estilo	4	92	NA	NA	NA	NA	NA	1855,24904214559	260,496551724138	36	84
CH2ES	BRS Estilo	1	93	7	1	1	5	3	2306,81992337165	231,981609195402	32	87
CH2ES	BRS Estilo	2	104	7	1	1	5	4	2655,41187739464	247,075862068966	33	82
CH2ES	BRS Estilo	3	98	7	1	1	4	3	2474,687100894	235,880459770115	31	87
CH2ES	BRS Estilo	4	97	7	1	1	4	4	2391,69220945083	235,811494252874	32	82
IT2ES	BRS Estilo	1	74	NA	1	NA	6	4	2129,5	260,7	37	87
IT2ES	BRS Estilo	2	80	NA	1	NA	5	2	2467,2	227,2	38	89
IT2ES	BRS Estilo	3	79	NA	1	NA	6	3	1910,7	199,7	38	91
IT2ES	BRS Estilo	4	77	NA	1	NA	4	3	1884,3	200,2	38	101
UR2ES	BRS Estilo	1	79	1	1	1	4	4	2038,16	NA	41	94
UR2ES	BRS Estilo	2	75	1	1	1	5	4	2634,07	NA	41	94
UR2ES	BRS Estilo	3	73	1	1	1	6	5	2608,95	NA	41	94
UR2ES	BRS Estilo	4	70	1	1	1	5	4	1935,54	NA	41	94
XA2ES	BRS Estilo	1	81	2	4	8	5	4	2404,35823754789	NA	NA	NA
XA2ES	BRS Estilo	2	78	3	3	1	3	1	2877,59259259259	NA	NA	NA
XA2ES	BRS Estilo	3	102	3	4	1	3	1	2949,55300127714	NA	NA	NA
XA2ES	BRS Estilo	4	95	3	3	1	4	1	2280,06385696041	NA	NA	NA
CH1ES	BRS Notável	1	86	1	1	1	1	1	3785,72158365262	269,379310344828	36	95
CH1ES	BRS Notável	2	100	1	1	1	1	1	4387,47126436782	261,268965517241	36	95
CH1ES	BRS Notável	3	69	1	1	1	1	1	3682,49042145594	265,535632183908	36	95
CH1ES	BRS Notável	4	92	1	1	1	1	1	2945,98978288633	251,420689655172	36	95
PS1ES	BRS Notável	1	87	5	1	2	2	6	3512,07	244,84	NA	NA
PS1ES	BRS Notável	2	100	2	2	4	5	5	4293,48	251,13	NA	NA
PS1ES	BRS Notável	3	82	4	7	9	4	7	5586,42	265,31	NA	NA
PS1ES	BRS Notável	4	80	2	2	2	7	6	3105,88	247,13	NA	NA
CA1ES	BRS Notável	1	78	1	1	5	1	1	2612,5	257,48275862069	41	98
CA1ES	BRS Notável	2	71	4	1	7	3	1	3220,34482758621	255,675862068965	41	98
CA1ES	BRS Notável	3	75	3	1	5	5	1	2751,99233716475	271,374712643678	41	98
CA1ES	BRS Notável	4	73	2	1	1	4	2	3669,67432950192	278,434482758621	41	98
CN1ES	BRS Notável	1	67	NA	NA	NA	NA	NA	3880,58748403576	272,772413793103	36	84
CN1ES	BRS Notável	2	85	NA	NA	NA	NA	NA	2801,68582375479	233,011494252874	36	84
CN1ES	BRS Notável	3	78	NA	NA	NA	NA	NA	3741,26436781609	274,565517241379	36	84
CN1ES	BRS Notável	4	59	NA	NA	NA	NA	NA	2950,88122605364	261,016091954023	36	84
CH2ES	BRS Notável	1	99	4	1	1	4	3	3141,43678160919	237,268965517241	32	82
CH2ES	BRS Notável	2	95	4	1	1	4	2	3219,12835249042	253,351724137931	28	82
CH2ES	BRS Notável	3	97	3	1	1	3	1	3519,79565772669	261,222988505747	29	87
CH2ES	BRS Notável	4	77	5	1	1	4	3	2554,91060025543	251,291954022989	28	87
IT2ES	BRS Notável	1	77	NA	1	NA	6	2	2561,3	270,3	34	85
IT2ES	BRS Notável	2	73	NA	1	NA	4	2	2130,8	218,6	34	88
IT2ES	BRS Notável	3	79	NA	1	NA	6	4	2951,3	231,4	38	91
IT2ES	BRS Notável	4	72	NA	1	NA	7	3	3202,7	285,1	38	93
UR2ES	BRS Notável	1	72	1	1	1	6	6	2426,25	NA	41	94
UR2ES	BRS Notável	2	61	1	1	1	6	6	2296,82	NA	41	94
UR2ES	BRS Notável	3	52	1	1	1	6	5	2791,23	NA	41	94
UR2ES	BRS Notável	4	56	1	1	1	5	5	1791,57	NA	41	89
XA2ES	BRS Notável	1	68	3	3	2	5	3	2975,49169859515	NA	NA	NA
XA2ES	BRS Notável	2	82	3	3	3	4	5	3202,74904214559	NA	NA	NA
XA2ES	BRS Notável	3	91	1	2	1	2	3	3584,72222222222	NA	NA	NA
XA2ES	BRS Notável	4	95	3	2	1	4	1	3012,92464878672	NA	NA	NA
CH1ES	CHC 04-230-01	1	95	4	1	1	1	1	3708,8122605364	234,666666666667	36	95
CH1ES	CHC 04-230-01	2	90	1	1	1	1	1	4260,45977011494	237,793103448276	37	95
CH1ES	CHC 04-230-01	3	95	3	1	1	1	1	4313,24712643678	237,51724137931	36	95
CH1ES	CHC 04-230-01	4	79	4	1	1	1	1	3313,53448275862	239,172413793103	37	95
PS1ES	CHC 04-230-01	1	92	7	1	4	2	2	5298,33	233,19	NA	NA
CA1ES	CHC 04-230-01	1	74	5	1	1	1	1	3539,07407407407	224,266666666667	42	98
CA1ES	CHC 04-230-01	2	74	1	1	5	5	1	3172,87675606641	221,583908045977	42	94
CA1ES	CHC 04-230-01	3	67	4	1	4	4	1	3272,25415070243	216,131034482759	42	98
CA1ES	CHC 04-230-01	4	73	4	1	1	3	1	2417,52873563218	223,655172413793	41	98
CN1ES	CHC 04-230-01	1	95	NA	NA	NA	NA	NA	3545,33844189017	220,689655172414	36	84
CN1ES	CHC 04-230-01	2	91	NA	NA	NA	NA	NA	3667,86398467433	221,137931034483	36	84
CN1ES	CHC 04-230-01	3	93	NA	NA	NA	NA	NA	3797,50957854406	211,540229885057	37	84
CN1ES	CHC 04-230-01	4	88	NA	NA	NA	NA	NA	3185,02873563218	222,406896551724	36	84
CH2ES	CHC 04-230-01	1	84	5	1	1	4	3	2611,55172413793	210,972413793103	30	93
CH2ES	CHC 04-230-01	2	98	6	1	1	3	3	2391,06002554278	211,28275862069	31	87
CH2ES	CHC 04-230-01	3	108	7	1	1	4	2	2537,74904214559	204,342528735632	29	82
CH2ES	CHC 04-230-01	4	100	5	1	1	4	4	2798,62707535121	211,28275862069	32	87
IT2ES	CHC 04-230-01	1	76	NA	1	NA	6	3	3459,0	249,2	36	87
IT2ES	CHC 04-230-01	2	74	NA	1	NA	4	3	1834,9	159,3	38	91
IT2ES	CHC 04-230-01	3	77	NA	1	NA	4	3	1922,0	156,0	38	101
IT2ES	CHC 04-230-01	4	80	NA	1	NA	6	3	1725,9	174,2	38	101
UR2ES	CHC 04-230-01	1	52	1	1	1	6	6	2174,71	NA	41	94
XA2ES	CHC 04-230-01	1	83	3	4	1	4	5	2694,37420178799	NA	NA	NA
XA2ES	CHC 04-230-01	2	88	3	2	1	4	3	2486,1717752235	NA	NA	NA
XA2ES	CHC 04-230-01	3	93	3	4	1	4	1	2478,16091954023	NA	NA	NA
XA2ES	CHC 04-230-01	4	97	4	5	1	3	4	1801,74010217114	NA	NA	NA
PS1ES	CHC 04-230-01	2	86	7	2	6	1	3	4362,21	232,80	NA	NA
PS1ES	CHC 04-230-01	3	93	7	1	4	5	5	4480,95	219,75	NA	NA
PS1ES	CHC 04-230-01	4	85	6	2	6	7	4	4799,65	238,94	NA	NA
UR2ES	CHC 04-230-01	2	54	1	1	1	5	4	1955,04	NA	41	94
UR2ES	CHC 04-230-01	3	71	1	1	1	6	5	2037,78	NA	41	94
UR2ES	CHC 04-230-01	4	64	1	1	1	6	4	2668,21	NA	41	94
CH1ES	IAC Diplomata	1	96	3	1	1	1	1	3704,50830140485	235,811494252874	41	95
CH1ES	IAC Diplomata	2	88	1	1	1	1	1	3494,72541507024	239,448275862069	41	95
CH1ES	IAC Diplomata	3	108	1	1	1	1	1	2829,2975734355	233,829885057471	41	95
CH1ES	IAC Diplomata	4	96	1	1	1	1	1	3143,8122605364	254,822988505747	41	95
CA1ES	IAC Diplomata	1	76	1	1	3	6	1	2870,56832694764	231,388505747126	42	98
CA1ES	IAC Diplomata	2	69	5	1	3	3	1	2474,37420178799	212,27816091954	42	94
CA1ES	IAC Diplomata	3	76	3	1	1	4	1	2495,11494252874	253,551724137931	42	94
CA1ES	IAC Diplomata	4	74	4	1	1	3	1	2976,78480204342	237,271264367816	42	98
CN1ES	IAC Diplomata	1	94	NA	NA	NA	NA	NA	2380,62579821201	262,636781609195	37	84
CN1ES	IAC Diplomata	2	66	NA	NA	NA	NA	NA	2125,82056194125	251,629885057471	35	84
CN1ES	IAC Diplomata	3	87	NA	NA	NA	NA	NA	2806,90932311622	249,825287356322	37	84
CN1ES	IAC Diplomata	4	82	NA	NA	NA	NA	NA	2504,44444444444	235,2	35	84
CH2ES	IAC Diplomata	1	102	5	1	2	4	2	2067,72349936143	219,108045977011	31	87
CH2ES	IAC Diplomata	2	97	4	1	1	4	2	1948,8122605364	207,28275862069	31	93
CH2ES	IAC Diplomata	3	101	6	1	1	4	2	1838,36206896552	217,662068965517	31	87
CH2ES	IAC Diplomata	4	98	4	1	1	5	2	2632,12005108557	227,818390804598	32	93
IT2ES	IAC Diplomata	1	75	NA	1	NA	6	2	2529,7	228,2	38	87
IT2ES	IAC Diplomata	2	77	NA	1	NA	6	4	2346,7	179,6	38	87
IT2ES	IAC Diplomata	3	78	NA	1	NA	6	4	2761,7	233,9	38	93
IT2ES	IAC Diplomata	4	81	NA	1	NA	7	3	2202,1	178,5	38	93
XA2ES	IAC Diplomata	1	89	6	3	3	5	1	2351,05683269476	NA	NA	NA
XA2ES	IAC Diplomata	2	96	3	2	1	4	1	2671,58365261814	NA	NA	NA
XA2ES	IAC Diplomata	3	86	2	1	1	4	2	2977,21264367816	NA	NA	NA
XA2ES	IAC Diplomata	4	90	3	2	1	4	4	1666,74648786718	NA	NA	NA
CH1ES	IAC Formoso	1	91	4	1	1	1	1	2778,38441890166	254,528735632184	41	95
CH1ES	IAC Formoso	2	98	6	1	1	1	1	4286,95402298851	248,855172413793	40	95
CH1ES	IAC Formoso	3	83	5	1	1	1	1	3824,29118773946	264,303448275862	39	95
CH1ES	IAC Formoso	4	83	4	1	1	1	1	2191,9220945083	241,72183908046	42	95
PS1ES	IAC Formoso	1	80	6	1	1	1	5	4408,68	255,92	NA	NA
PS1ES	IAC Formoso	2	102	6	2	2	2	2	4701,17	260,37	NA	NA
PS1ES	IAC Formoso	3	96	7	1	1	1	5	5023,45	262,18	NA	NA
PS1ES	IAC Formoso	4	96	7	2	2	2	5	3562,74	270,44	NA	NA
CA1ES	IAC Formoso	1	74	1	1	1	1	1	2900,14367816092	244,655172413793	42	112
CA1ES	IAC Formoso	2	76	1	1	1	1	1	2597,53831417625	236,88275862069	43	112
CA1ES	IAC Formoso	3	82	6	1	1	1	1	2584,62962962963	247,24367816092	42	112
CA1ES	IAC Formoso	4	69	3	1	1	1	1	2222,969348659	258,88275862069	43	112
CN1ES	IAC Formoso	1	85	NA	NA	NA	NA	NA	2783,34610472541	259,273563218391	40	84
CN1ES	IAC Formoso	2	101	NA	NA	NA	NA	NA	3157,72669220945	253,057471264368	41	84
CN1ES	IAC Formoso	3	67	NA	NA	NA	NA	NA	2455,18518518519	240,8	40	84
CN1ES	IAC Formoso	4	99	NA	NA	NA	NA	NA	2026,16538952746	264,183908045977	40	84
CH2ES	IAC Formoso	1	88	5	1	1	3	2	2679,93614303959	257,406896551724	34	93
CH2ES	IAC Formoso	2	104	6	1	1	4	2	2656,09195402299	253,425287356322	33	87
CH2ES	IAC Formoso	3	88	5	1	1	4	2	2150,47892720306	260,358620689655	32	93
CH2ES	IAC Formoso	4	103	6	1	1	4	1	2181,52298850575	254,919540229885	33	87
IT2ES	IAC Formoso	1	76	NA	1	NA	3	2	1728,5	204,3	38	90
IT2ES	IAC Formoso	2	76	NA	1	NA	2	1	2275,3	215,5	38	91
IT2ES	IAC Formoso	3	75	NA	1	NA	2	2	2084,8	233,9	38	102
IT2ES	IAC Formoso	4	80	NA	1	NA	4	2	1851,9	193,1	38	101
UR2ES	IAC Formoso	1	44	1	1	1	4	5	1208,78	NA	41	94
UR2ES	IAC Formoso	2	69	1	1	1	3	4	2596,48	NA	41	96
UR2ES	IAC Formoso	3	69	1	1	1	4	5	2710,31	NA	41	94
UR2ES	IAC Formoso	4	50	1	1	1	4	4	2633,84	NA	41	94
XA2ES	IAC Formoso	1	91	3	3	1	5	1	1485,05747126437	NA	NA	NA
XA2ES	IAC Formoso	2	80	4	1	1	3	1	2365,48850574713	NA	NA	NA
XA2ES	IAC Formoso	3	71	2	1	1	3	1	2038,28863346105	NA	NA	NA
XA2ES	IAC Formoso	4	87	2	3	1	3	2	1947,50957854406	NA	NA	NA
CH1ES	IAC Imperador 	1	89	2	1	1	1	1	3652,57343550447	258,804597701149	34	84
CH1ES	IAC Imperador 	2	84	1	1	1	1	1	3966,66666666667	276	36	95
CH1ES	IAC Imperador 	3	85	1	1	1	1	1	3707,64687100894	248,234482758621	36	95
CH1ES	IAC Imperador 	4	80	4	1	1	1	1	3292,66922094508	258,296551724138	36	95
PS1ES	IAC Imperador 	1	83	3	1	4	1	6	4022,22	242,00	NA	NA
PS1ES	IAC Imperador 	2	88	5	5	5	4	5	4673,44	247,13	NA	NA
PS1ES	IAC Imperador 	3	82	7	2	5	5	7	4197,22	242,00	NA	NA
PS1ES	IAC Imperador 	4	72	3	3	6	4	6	4437,47	244,84	NA	NA
CA1ES	IAC Imperador 	1	74	6	1	7	1	1	3012,63409961686	232,473563218391	38	98
CA1ES	IAC Imperador 	2	79	4	1	3	5	1	3289,59770114943	237,227586206897	40	94
CA1ES	IAC Imperador 	3	75	2	1	5	5	3	3951,7975734355	256,880459770115	41	98
CA1ES	IAC Imperador 	4	83	3	1	1	5	5	4359,42528735632	251,255172413793	41	94
CN1ES	IAC Imperador 	1	80	NA	NA	NA	NA	NA	3082,41379310345	257,213793103448	35	84
CN1ES	IAC Imperador 	2	83	NA	NA	NA	NA	NA	3224,67432950192	251,475862068966	35	84
CN1ES	IAC Imperador 	3	89	NA	NA	NA	NA	NA	2320,35759897829	239,779310344828	34	84
CN1ES	IAC Imperador 	4	83	NA	NA	NA	NA	NA	2905,65772669221	241,393103448276	35	84
CH2ES	IAC Imperador 	1	84	6	1	1	4	5	2390,63856960409	233,655172413793	29	87
CH2ES	IAC Imperador 	2	86	7	1	1	5	3	2663,33333333333	239,213793103448	29	87
CH2ES	IAC Imperador 	3	98	7	1	1	4	2	2282,43295019157	234,206896551724	28	87
CH2ES	IAC Imperador 	4	105	7	1	1	5	5	2328,43869731801	225,866666666667	30	87
IT2ES	IAC Imperador 	1	73	NA	1	NA	5	5	2071,6	203,0	32	87
IT2ES	IAC Imperador 	2	76	NA	1	NA	7	6	2565,8	207,4	33	85
IT2ES	IAC Imperador 	3	77	NA	1	NA	7	4	1574,2	185,6	38	101
IT2ES	IAC Imperador 	4	77	NA	1	NA	7	4	2740,2	219,4	38	93
UR2ES	IAC Imperador 	1	66	1	1	1	6	6	2504,33	NA	41	94
UR2ES	IAC Imperador 	2	63	1	1	1	7	6	2318,58	NA	41	94
UR2ES	IAC Imperador 	3	34	1	1	1	6	5	1706,46	NA	41	94
UR2ES	IAC Imperador 	4	44	1	1	1	6	6	1954,81	NA	41	94
XA2ES	IAC Imperador 	1	60	2	3	3	5	3	2623,24393358876	NA	NA	NA
XA2ES	IAC Imperador 	2	83	4	2	1	5	3	2784,61685823755	NA	NA	NA
XA2ES	IAC Imperador 	3	83	3	2	7	4	4	2840,16602809706	NA	NA	NA
XA2ES	IAC Imperador 	4	50	4	3	1	4	2	1658,25351213282	NA	NA	NA
CH1ES	IPR Campos Gerais	1	92	1	1	1	1	1	4248,54406130268	267,834482758621	37	95
CH1ES	IPR Campos Gerais	2	97	1	1	1	1	1	4107,58620689655	232,386206896552	40	95
CH1ES	IPR Campos Gerais	3	100	2	1	1	1	1	3991,92848020434	252,298850574713	39	95
CH1ES	IPR Campos Gerais	4	109	1	1	1	1	1	4167,42656449553	265,694252873563	39	95
PS1ES	IPR Campos Gerais	1	93	2	3	6	4	2	4843,93	249,68	NA	NA
PS1ES	IPR Campos Gerais	2	99	2	3	5	2	4	5838,89	250,00	NA	NA
PS1ES	IPR Campos Gerais	3	95	4	5	6	5	7	4841,06	247,41	NA	NA
PS1ES	IPR Campos Gerais	4	92	2	5	8	4	7	5092,75	257,18	NA	NA
CA1ES	IPR Campos Gerais	1	70	1	1	4	1	1	3045,88441890166	221,064367816092	42	98
CA1ES	IPR Campos Gerais	2	75	1	1	5	2	1	3884,39655172414	247,413793103448	43	94
CA1ES	IPR Campos Gerais	3	79	2	1	1	1	3	4609,99361430396	255,627586206897	43	98
CA1ES	IPR Campos Gerais	4	81	2	1	1	4	3	3964,61047254151	280,740229885057	43	98
CN1ES	IPR Campos Gerais	1	90	NA	NA	NA	NA	NA	2878,00127713921	254,252873563218	36	84
CN1ES	IPR Campos Gerais	2	93	NA	NA	NA	NA	NA	4249,20498084291	257,28275862069	35	84
CN1ES	IPR Campos Gerais	3	90	NA	NA	NA	NA	NA	3926,56449553001	253,057471264368	35	84
CN1ES	IPR Campos Gerais	4	96	NA	NA	NA	NA	NA	3718,5632183908	259,634482758621	35	84
CH2ES	IPR Campos Gerais	1	95	3	1	3	3	3	2648,92081736909	237,898850574713	30	93
CH2ES	IPR Campos Gerais	2	107	4	1	4	3	3	2661,74329501916	240,052873563218	30	87
CH2ES	IPR Campos Gerais	3	104	3	1	4	4	3	2677,75223499361	249,526436781609	30	87
CH2ES	IPR Campos Gerais	4	95	4	1	4	4	4	2688,0938697318	243,154022988506	30	87
IT2ES	IPR Campos Gerais	1	77	NA	1	NA	5	4	1762,5	200,5	38	88
IT2ES	IPR Campos Gerais	2	79	NA	3	NA	5	4	2084,5	235,3	39	89
IT2ES	IPR Campos Gerais	3	76	NA	2	NA	5	5	1499,6	220,8	38	93
IT2ES	IPR Campos Gerais	4	79	NA	1	NA	3	2	2112,8	203,6	38	101
UR2ES	IPR Campos Gerais	1	50	1	1	1	5	4	2039,74	NA	41	94
UR2ES	IPR Campos Gerais	2	66	1	1	1	6	5	2516,73	NA	41	94
UR2ES	IPR Campos Gerais	3	53	1	1	1	4	3	2513,74	NA	41	94
UR2ES	IPR Campos Gerais	4	57	1	1	1	6	5	3030,69	NA	41	94
XA2ES	IPR Campos Gerais	1	85	2	2	7	5	3	3165,55555555556	NA	NA	NA
XA2ES	IPR Campos Gerais	2	70	3	4	8	4	2	1899,31034482759	NA	NA	NA
XA2ES	IPR Campos Gerais	3	87	2	2	1	2	1	2297,03703703704	NA	NA	NA
XA2ES	IPR Campos Gerais	4	93	4	3	1	3	2	2097,3754789272	NA	NA	NA
CH1ES	IPR Quero-Quero 	1	97	1	4	5	1	1	4639,50191570881	275,048275862069	38	95
CH1ES	IPR Quero-Quero 	2	85	1	1	1	1	1	4476,28352490421	270,220689655172	40	95
CH1ES	IPR Quero-Quero 	3	86	1	1	1	1	1	3543,71647509578	253,737931034483	40	95
CH1ES	IPR Quero-Quero 	4	88	1	1	1	1	1	4492,72030651341	262,331034482759	37	95
PS1ES	IPR Quero-Quero 	1	86	4	7	8	1	1	3704,45	228,00	NA	NA
PS1ES	IPR Quero-Quero 	2	84	2	5	6	2	6	4400,70	245,12	NA	NA
PS1ES	IPR Quero-Quero 	3	85	2	6	8	6	6	4662,07	254,23	NA	NA
PS1ES	IPR Quero-Quero 	4	61	2	6	8	5	5	3534,82	243,72	NA	NA
CA1ES	IPR Quero-Quero 	1	79	1	6	6	1	1	2313,5632183908	211,972413793103	43	112
CA1ES	IPR Quero-Quero 	2	76	1	4	5	1	1	2144,21455938697	230,731034482759	43	112
CA1ES	IPR Quero-Quero 	3	64	3	1	6	1	1	2043,5632183908	234,124137931034	42	112
CA1ES	IPR Quero-Quero 	4	72	1	1	1	1	1	3576,72413793103	240,206896551724	43	112
CN1ES	IPR Quero-Quero 	1	74	NA	NA	NA	NA	NA	3308,46104725415	250,937931034483	36	84
CN1ES	IPR Quero-Quero 	2	85	NA	NA	NA	NA	NA	3320,45019157088	243,549425287356	36	84
CN1ES	IPR Quero-Quero 	3	80	NA	NA	NA	NA	NA	3243,67816091954	268,248275862069	36	84
CN1ES	IPR Quero-Quero 	4	93	NA	NA	NA	NA	NA	3109,88505747126	235,696551724138	36	84
CH2ES	IPR Quero-Quero 	1	108	2	1	4	2	2	3354,48275862069	246,289655172414	30	93
CH2ES	IPR Quero-Quero 	2	122	2	1	1	3	3	2900	230	31	93
CH2ES	IPR Quero-Quero 	3	104	2	1	4	3	2	2419,15708812261	229,6	30	93
CH2ES	IPR Quero-Quero 	4	102	4	1	6	3	4	2226,01851851852	216,533333333333	34	93
IT2ES	IPR Quero-Quero 	1	77	NA	1	NA	3	2	2395,6	205,3	38	91
IT2ES	IPR Quero-Quero 	2	76	NA	1	NA	3	2	2431,9	220,3	37	94
IT2ES	IPR Quero-Quero 	3	78	NA	4	NA	5	3	2257,9	204,2	38	101
IT2ES	IPR Quero-Quero 	4	76	NA	1	NA	3	2	2276,3	210,9	38	101
UR2ES	IPR Quero-Quero 	1	53	1	1	1	4	3	2119,03	NA	41	96
UR2ES	IPR Quero-Quero 	2	77	1	1	1	4	5	2932,77	NA	41	96
UR2ES	IPR Quero-Quero 	3	41	1	1	1	4	4	2590,80	NA	41	96
UR2ES	IPR Quero-Quero 	4	67	1	1	1	4	4	2902,99	NA	41	96
XA2ES	IPR Quero-Quero 	1	72	3	2	5	5	4	2187,58620689655	NA	NA	NA
XA2ES	IPR Quero-Quero 	2	99	4	1	1	4	1	2813,89846743295	NA	NA	NA
XA2ES	IPR Quero-Quero 	3	87	3	6	8	3	3	1610,2809706258	NA	NA	NA
XA2ES	IPR Quero-Quero 	4	84	3	2	5	5	2	2294,63282247765	NA	NA	NA
CH1ES	IPR Tangará	1	112	1	1	1	1	1	4409,83397190294	290,620689655172	38	95
CH1ES	IPR Tangará	2	87	1	1	1	1	1	4212,41379310345	305,875862068966	41	95
CH1ES	IPR Tangará	3	79	1	1	1	1	1	3580,65772669221	287,333333333333	37	95
CH1ES	IPR Tangará	4	94	1	1	1	1	1	3763,55044699872	289,333333333333	41	95
PS1ES	IPR Tangará	1	96	4	4	6	1	1	5182,50	259,40	NA	NA
PS1ES	IPR Tangará	2	79	3	6	8	1	1	3023,59	247,43	NA	NA
PS1ES	IPR Tangará	3	100	5	7	7	3	6	3882,40	249,97	NA	NA
PS1ES	IPR Tangará	4	86	4	3	7	2	4	3640,18	267,08	NA	NA
CA1ES	IPR Tangará	1	73	5	6	6	1	1	2438,5632183908	220,924137931034	41	98
CA1ES	IPR Tangará	2	85	5	7	7	1	1	3747,22860791826	247,577011494253	41	94
CA1ES	IPR Tangará	3	74	1	1	1	3	1	3834,75734355045	280,386206896552	42	98
CA1ES	IPR Tangará	4	74	3	1	1	4	3	3364,01340996169	284,951724137931	42	98
CN1ES	IPR Tangará	1	50	NA	NA	NA	NA	NA	2178,26309067688	267,498850574713	36	84
CN1ES	IPR Tangará	2	89	NA	NA	NA	NA	NA	3458,61430395913	258,864367816092	36	84
CN1ES	IPR Tangará	3	77	NA	NA	NA	NA	NA	3399,42528735632	269,234482758621	36	84
CN1ES	IPR Tangará	4	81	NA	NA	NA	NA	NA	2750,70881226054	274,165517241379	36	84
CH2ES	IPR Tangará	1	105	3	1	4	3	4	3022,22222222222	268	31	93
CH2ES	IPR Tangará	2	96	3	1	4	4	2	2869,17305236271	253,448275862069	32	93
CH2ES	IPR Tangará	3	91	4	1	1	5	2	3092,41379310345	270,124137931034	32	93
CH2ES	IPR Tangará	4	101	3	1	1	3	2	2880,39591315453	270,850574712644	32	93
IT2ES	IPR Tangará	1	76	NA	1	NA	3	2	2792,2	220,3	38	91
IT2ES	IPR Tangará	2	79	NA	2	NA	5	3	1173,6	189,9	38	91
IT2ES	IPR Tangará	3	80	NA	1	NA	5	2	2742,5	206,5	38	101
IT2ES	IPR Tangará	4	79	NA	1	NA	4	3	1924,5	202,5	38	101
UR2ES	IPR Tangará	1	66	1	1	1	6	5	1789,22	NA	41	94
UR2ES	IPR Tangará	2	68	1	1	1	5	4	2180,98	NA	41	94
UR2ES	IPR Tangará	3	62	1	1	1	5	4	2138,24	NA	41	94
UR2ES	IPR Tangará	4	60	1	1	1	4	3	1925,22	NA	41	94
XA2ES	IPR Tangará	1	77	3	3	1	4	3	2833,2343550447	NA	NA	NA
XA2ES	IPR Tangará	2	71	3	6	8	4	1	1380,05747126437	NA	NA	NA
XA2ES	IPR Tangará	3	76	3	5	7	3	2	1811,27075351213	NA	NA	NA
XA2ES	IPR Tangará	4	91	2	6	9	4	5	1775,88122605364	NA	NA	NA
CH1ES	IPR Tuiuiu	1	101	1	1	1	1	1	3997,27969348659	245,151724137931	40	95
CH1ES	IPR Tuiuiu	2	96	1	1	1	1	1	3884,39655172414	255,331034482759	41	95
CH1ES	IPR Tuiuiu	3	86	1	1	1	1	1	3491,48148148148	236,413793103448	42	95
CH1ES	IPR Tuiuiu	4	93	1	1	1	1	1	3980,1724137931	245,689655172414	40	95
PS1ES	IPR Tuiuiu	1	85	2	4	6	1	6	5333,26	228,86	NA	NA
PS1ES	IPR Tuiuiu	2	93	4	1	1	3	6	5083,71	229,92	NA	NA
PS1ES	IPR Tuiuiu	3	89	6	5	6	4	5	4584,08	243,20	NA	NA
PS1ES	IPR Tuiuiu	4	85	4	4	8	5	4	4571,64	223,26	NA	NA
CA1ES	IPR Tuiuiu	1	83	4	1	3	1	1	3571,71455938697	238,365517241379	43	94
CA1ES	IPR Tuiuiu	2	75	3	1	3	4	1	3192,2349936143	259,751724137931	41	112
CA1ES	IPR Tuiuiu	3	91	2	1	1	4	5	3780,21711366539	256,880459770115	43	94
CA1ES	IPR Tuiuiu	4	79	3	1	2	4	1	3615,86206896552	238,105747126437	43	98
CN1ES	IPR Tuiuiu	1	105	NA	NA	NA	NA	NA	3267,43295019157	248,64367816092	39	84
CN1ES	IPR Tuiuiu	2	88	NA	NA	NA	NA	NA	2295,22669220945	231,32183908046	39	84
CN1ES	IPR Tuiuiu	3	80	NA	NA	NA	NA	NA	2330,45977011494	242,367816091954	39	84
CN1ES	IPR Tuiuiu	4	100	NA	NA	NA	NA	NA	2112,95019157088	247,613793103448	39	84
CH2ES	IPR Tuiuiu	1	87	5	1	1	2	3	2613,86334610473	217,151724137931	30	87
CH2ES	IPR Tuiuiu	2	93	6	1	1	5	3	2712,60536398467	227,466666666667	29	87
CH2ES	IPR Tuiuiu	3	86	3	1	1	4	2	2501,4687100894	221,425287356322	31	87
CH2ES	IPR Tuiuiu	4	86	4	1	1	4	2	2749,04214559387	231,579310344828	31	87
IT2ES	IPR Tuiuiu	1	74	NA	1	NA	7	4	2562,6	213,3	35	84
IT2ES	IPR Tuiuiu	2	76	NA	1	NA	6	5	1827,8	186,0	37	87
IT2ES	IPR Tuiuiu	3	74	NA	1	NA	6	4	1854,8	200,8	38	93
IT2ES	IPR Tuiuiu	4	78	NA	1	NA	5	3	1652,2	193,2	38	101
UR2ES	IPR Tuiuiu	1	71	1	1	1	6	5	1680,37	NA	41	94
UR2ES	IPR Tuiuiu	2	58	1	1	1	6	4	2165,59	NA	41	96
UR2ES	IPR Tuiuiu	3	53	1	1	1	7	5	2083,46	NA	41	94
UR2ES	IPR Tuiuiu	4	42	1	1	1	4	3	2293,05	NA	41	94
XA2ES	IPR Tuiuiu	1	78	3	3	5	3	1	2836,80076628352	NA	NA	NA
XA2ES	IPR Tuiuiu	2	76	3	1	1	3	4	2110,34482758621	NA	NA	NA
XA2ES	IPR Tuiuiu	3	60	2	5	7	3	1	1900	NA	NA	NA
XA2ES	IPR Tuiuiu	4	82	2	1	1	3	2	2106,25798212005	NA	NA	NA
CH1ES	IPR Uirapuru	1	104	1	1	1	1	1	4081,96040868455	262,48275862069	42	95
CH1ES	IPR Uirapuru	2	112	1	1	1	1	1	4079,48914431673	251,420689655172	43	95
CH1ES	IPR Uirapuru	3	101	1	1	1	1	1	3816,07279693487	252,468965517241	41	95
CH1ES	IPR Uirapuru	4	102	1	1	1	1	1	3975,11494252874	265,227586206897	41	95
PS1ES	IPR Uirapuru	1	94	3	3	7	1	2	4125,48	221,52	NA	NA
PS1ES	IPR Uirapuru	1	80	6	3	1	2	4	4104,06	222,02	NA	NA
PS1ES	IPR Uirapuru	2	99	4	5	5	5	4	5623,78	240,34	NA	NA
PS1ES	IPR Uirapuru	2	84	6	1	1	3	1	3655,29	241,28	NA	NA
PS1ES	IPR Uirapuru	3	85	5	2	4	5	6	4056,95	239,53	NA	NA
PS1ES	IPR Uirapuru	3	66	4	1	5	4	6	4125,29	234,76	NA	NA
PS1ES	IPR Uirapuru	4	99	4	4	7	5	4	4835,62	244,50	NA	NA
PS1ES	IPR Uirapuru	4	88	6	4	4	3	6	4877,57	241,01	NA	NA
CA1ES	IPR Uirapuru	1	76	1	1	5	5	1	5454,03575989783	248,806896551724	42	94
CA1ES	IPR Uirapuru	2	71	2	4	5	1	1	3376,62835249042	243,310344827586	42	94
CA1ES	IPR Uirapuru	3	73	2	1	1	3	4	4283,18965517241	253,551724137931	42	98
CA1ES	IPR Uirapuru	4	75	2	1	5	5	4	4028,05555555556	260,802298850575	43	98
CN1ES	IPR Uirapuru	1	96	NA	NA	NA	NA	NA	3259,11877394636	256,363218390805	36	84
CN1ES	IPR Uirapuru	2	76	NA	NA	NA	NA	NA	3749,25287356322	239,379310344828	35	84
CN1ES	IPR Uirapuru	3	80	NA	NA	NA	NA	NA	2992,23818646232	240,914942528736	36	84
CN1ES	IPR Uirapuru	4	80	NA	NA	NA	NA	NA	3048,50574712644	241,220689655172	36	84
CH2ES	IPR Uirapuru	1	94	4	1	2	4	4	3170,87164750958	234,758620689655	31	87
CH2ES	IPR Uirapuru	2	91	6	1	1	4	2	2436,94444444444	230,303448275862	30	87
CH2ES	IPR Uirapuru	3	70	3	1	1	4	2	2664,36781609195	241,758620689655	31	87
CH2ES	IPR Uirapuru	4	98	4	1	1	4	4	2634,33908045977	233,896551724138	32	87
IT2ES	IPR Uirapuru	1	80	NA	1	NA	6	3	1777,8	216,0	37	86
IT2ES	IPR Uirapuru	2	72	NA	1	NA	6	4	2275,5	204,1	37	86
IT2ES	IPR Uirapuru	3	79	NA	2	NA	5	4	801,3	178,1	38	101
IT2ES	IPR Uirapuru	4	71	NA	1	NA	4	3	1966,4	207,0	38	101
UR2ES	IPR Uirapuru	1	67	1	1	1	6	6	1729,96	NA	41	94
UR2ES	IPR Uirapuru	1	60	1	1	1	6	6	1606,32	NA	41	94
UR2ES	IPR Uirapuru	2	49	1	1	1	4	4	2336,28	NA	41	94
UR2ES	IPR Uirapuru	2	59	1	1	1	6	4	2216,93	NA	41	94
UR2ES	IPR Uirapuru	3	57	1	1	1	5	6	2338,97	NA	41	94
UR2ES	IPR Uirapuru	3	81	1	1	1	7	5	1911,16	NA	41	94
UR2ES	IPR Uirapuru	4	53	1	1	1	4	6	2463,86	NA	41	94
UR2ES	IPR Uirapuru	4	39	1	1	1	4	4	1891,11	NA	41	94
XA2ES	IPR Uirapuru	1	85	4	3	5	1	1	2500,93550446999	NA	NA	NA
XA2ES	IPR Uirapuru	2	72	3	2	1	4	3	2791,76245210728	NA	NA	NA
XA2ES	IPR Uirapuru	3	74	2	3	7	2	2	2168,25670498084	NA	NA	NA
XA2ES	IPR Uirapuru	4	81	4	3	3	4	2	2618,30779054917	NA	NA	NA
CH1ES	Pérola	1	70	1	1	1	1	1	3319,19540229885	273,462068965517	42	95
CH1ES	Pérola	2	88	1	1	1	1	1	3738,69731800766	292,937931034483	41	95
CH1ES	Pérola	3	88	1	1	1	1	1	3584,75095785441	298,875862068966	37	95
CH1ES	Pérola	4	83	1	1	1	1	1	4118,62068965517	291,972413793103	40	95
PS1ES	Pérola	1	86	2	5	8	1	1	3808,33	252,00	NA	NA
PS1ES	Pérola	2	77	3	5	8	2	6	3101,15	259,45	NA	NA
PS1ES	Pérola	3	93	2	6	8	3	3	5246,90	270,12	NA	NA
PS1ES	Pérola	4	96	2	6	9	3	3	4131,77	256,11	NA	NA
CA1ES	Pérola	1	71	1	1	4	1	1	3592,12005108557	292,974712643678	42	98
CA1ES	Pérola	2	80	3	1	1	1	1	4139,82120051086	317,75632183908	41	94
CA1ES	Pérola	3	77	2	1	4	3	1	3917,80332056194	304,110344827586	42	98
CA1ES	Pérola	4	78	2	1	1	3	3	3522,66922094508	300,919540229885	42	98
CN1ES	Pérola	1	86	NA	NA	NA	NA	NA	2558,3748403576	303,671264367816	38	84
CN1ES	Pérola	2	89	NA	NA	NA	NA	NA	1831,75287356322	308,586206896552	37	84
CN1ES	Pérola	3	87	NA	NA	NA	NA	NA	2483,18965517241	315,95632183908	37	84
CN1ES	Pérola	4	88	NA	NA	NA	NA	NA	2392,6724137931	305,006896551724	37	84
CH2ES	Pérola	1	94	3	1	1	3	4	3462,89910600255	290,55632183908	32	87
CH2ES	Pérola	2	87	3	1	1	3	2	2942,10089399745	251,291954022989	31	93
CH2ES	Pérola	3	93	2	1	1	3	1	3507,07535121328	291,664367816092	31	93
CH2ES	Pérola	4	80	3	1	4	4	3	2473,30779054917	270,988505747126	34	93
IT2ES	Pérola	1	74	NA	1	NA	4	3	3178,2	268,4	38	88
IT2ES	Pérola	2	70	NA	1	NA	4	1	2892,0	213,8	37	91
IT2ES	Pérola	3	79	NA	1	NA	5	3	1839,5	198,4	38	101
IT2ES	Pérola	4	74	NA	1	NA	6	3	1607,5	234,5	38	93
UR2ES	Pérola	1	51	1	1	1	5	4	1828,25	NA	41	96
UR2ES	Pérola	2	62	1	1	1	6	5	2125,52	NA	41	94
UR2ES	Pérola	3	35	1	1	1	4	4	1692,90	NA	41	94
UR2ES	Pérola	4	63	1	1	1	5	4	2803,37	NA	41	94
XA2ES	Pérola	1	83	2	2	8	3	1	1997,58939974457	NA	NA	NA
XA2ES	Pérola	2	55	2	5	6	3	1	2668,65261813538	NA	NA	NA
XA2ES	Pérola	3	67	2	3	1	3	1	1689,14431673052	NA	NA	NA
XA2ES	Pérola	4	70	3	4	6	3	2	1314,09642401022	NA	NA	NA
CH1ES	SCS 204 - Predileto	1	91	1	1	1	1	1	4642,6085568327	234,64367816092	40	95
CH1ES	SCS 204 - Predileto	2	98	1	1	1	1	1	4154,48275862069	226,427586206897	38	95
CH1ES	SCS 204 - Predileto	3	107	2	1	1	1	1	4266,33461047254	232,202298850575	37	95
CH1ES	SCS 204 - Predileto	4	98	1	1	1	1	1	3800	222	37	95
PS1ES	SCS 204 - Predileto	1	88	5	3	7	1	4	4605,11	224,55	NA	NA
PS1ES	SCS 204 - Predileto	2	84	4	6	8	3	4	4279,93	208,13	NA	NA
PS1ES	SCS 204 - Predileto	3	88	5	5	6	6	8	4495,57	221,01	NA	NA
PS1ES	SCS 204 - Predileto	4	84	1	4	7	1	8	3929,29	224,05	NA	NA
CA1ES	SCS 204 - Predileto	1	75	4	1	4	1	1	3218,66219667944	211,735632183908	41	98
CA1ES	SCS 204 - Predileto	2	78	1	3	5	3	1	3671,27713920817	235,310344827586	43	94
CA1ES	SCS 204 - Predileto	3	82	1	1	1	5	1	3841,72413793103	230,503448275862	43	98
CA1ES	SCS 204 - Predileto	4	78	3	1	1	4	3	3328,77394636015	251,772413793103	42	98
CN1ES	SCS 204 - Predileto	1	101	NA	NA	NA	NA	NA	4855,24265644955	212,491954022988	36	84
CN1ES	SCS 204 - Predileto	2	95	NA	NA	NA	NA	NA	4396,96998722861	209,114942528736	35	84
CN1ES	SCS 204 - Predileto	3	109	NA	NA	NA	NA	NA	3667,84482758621	205,586206896552	35	84
CN1ES	SCS 204 - Predileto	4	101	NA	NA	NA	NA	NA	3287,06896551724	229,034482758621	36	84
CH2ES	SCS 204 - Predileto	1	105	4	1	1	4	3	2838,08429118774	199,213793103448	29	82
CH2ES	SCS 204 - Predileto	2	105	5	1	1	4	4	3122,98850574713	212,275862068966	30	87
CH2ES	SCS 204 - Predileto	3	96	6	1	1	3	2	2896,40804597701	210,310344827586	29	87
CH2ES	SCS 204 - Predileto	4	105	4	1	2	4	3	2462,9054916986	199,445977011494	29	82
IT2ES	SCS 204 - Predileto	1	75	NA	1	NA	6	2	3131,9	194,1	35	85
IT2ES	SCS 204 - Predileto	2	78	NA	1	NA	5	2	2507,3	181,8	37	90
IT2ES	SCS 204 - Predileto	3	76	NA	1	NA	6	4	3264,8	224,7	38	93
IT2ES	SCS 204 - Predileto	4	77	NA	1	NA	6	3	3797,7	205,1	38	91
UR2ES	SCS 204 - Predileto	1	64	1	1	1	5	6	2160,51	NA	41	94
UR2ES	SCS 204 - Predileto	2	68	1	1	1	1	5	2764,36	NA	41	89
UR2ES	SCS 204 - Predileto	3	64	1	1	1	5	5	2037,39	NA	41	94
UR2ES	SCS 204 - Predileto	4	55	1	1	1	6	4	2380,63	NA	41	94
XA2ES	SCS 204 - Predileto	1	92	3	1	2	4	1	2540,20114942529	NA	NA	NA
XA2ES	SCS 204 - Predileto	2	70	3	5	3	3	1	2160,45019157088	NA	NA	NA
XA2ES	SCS 204 - Predileto	3	87	2	4	2	2	3	2453,12899106003	NA	NA	NA
XA2ES	SCS 204 - Predileto	4	81	2	2	5	3	1	2030,31928480204	NA	NA	NA
CH1ES	SCS 205 - Riqueza	1	77	1	1	1	1	1	4254,08684546616	291,328735632184	37	95
CH1ES	SCS 205 - Riqueza	2	95	1	1	1	1	1	3304,90102171137	272,510344827586	36	95
CH1ES	SCS 205 - Riqueza	3	96	1	1	1	1	1	3892,77777777778	282,055172413793	37	95
CH1ES	SCS 205 - Riqueza	4	92	1	1	1	1	1	3278,27266922094	284,35632183908	37	95
PS1ES	SCS 205 - Riqueza	1	97	5	4	5	4	5	4115,84	268,31	NA	NA
PS1ES	SCS 205 - Riqueza	2	93	4	2	5	2	4	4558,64	275,68	NA	NA
PS1ES	SCS 205 - Riqueza	3	85	3	2	4	4	4	4283,52	266,90	NA	NA
PS1ES	SCS 205 - Riqueza	4	89	2	2	6	6	7	4192,61	279,92	NA	NA
CA1ES	SCS 205 - Riqueza	1	76	5	1	3	5	4	2952,47126436782	287	41	98
CA1ES	SCS 205 - Riqueza	2	74	1	5	4	5	1	4027,32439335888	284,666666666667	41	94
CA1ES	SCS 205 - Riqueza	3	82	4	1	3	1	3	4002,78416347382	325,894252873563	41	98
CA1ES	SCS 205 - Riqueza	4	76	4	1	1	4	3	3474,9680715198	281,666666666667	42	98
CN1ES	SCS 205 - Riqueza	1	85	NA	NA	NA	NA	NA	4563,88888888889	281,448275862069	36	84
CN1ES	SCS 205 - Riqueza	2	100	NA	NA	NA	NA	NA	3526,46232439336	280,386206896552	35	84
CN1ES	SCS 205 - Riqueza	3	91	NA	NA	NA	NA	NA	3272,98850574713	258,758620689655	35	84
CN1ES	SCS 205 - Riqueza	4	86	NA	NA	NA	NA	NA	3136,03448275862	270,331034482759	35	84
CH2ES	SCS 205 - Riqueza	1	112	4	1	1	4	2	3570,93869731801	274,485057471264	29	82
CH2ES	SCS 205 - Riqueza	2	98	6	1	1	4	3	3001,36334610473	269,363218390805	29	82
CH2ES	SCS 205 - Riqueza	3	105	4	1	1	4	2	3003,48659003831	267,386206896552	29	82
CH2ES	SCS 205 - Riqueza	4	104	4	1	1	3	3	2883,52490421456	265,12183908046	30	82
IT2ES	SCS 205 - Riqueza	1	79	NA	1	NA	6	4	2568,1	223,4	36	85
IT2ES	SCS 205 - Riqueza	2	76	NA	1	NA	5	2	2336,5	215,2	37	89
IT2ES	SCS 205 - Riqueza	3	81	NA	1	NA	7	3	3457,5	252,7	38	91
IT2ES	SCS 205 - Riqueza	4	77	NA	1	NA	6	5	2419,0	266,8	38	93
UR2ES	SCS 205 - Riqueza	1	85	1	1	1	7	5	2660,13	NA	41	94
UR2ES	SCS 205 - Riqueza	2	77	1	1	1	6	6	2753,49	NA	41	89
UR2ES	SCS 205 - Riqueza	3	59	1	1	1	6	7	2323,68	NA	41	94
UR2ES	SCS 205 - Riqueza	4	67	1	1	1	5	4	2021,20	NA	41	94
XA2ES	SCS 205 - Riqueza	1	83	3	1	3	4	3	2808,74521072797	NA	NA	NA
XA2ES	SCS 205 - Riqueza	2	77	2	1	1	2	1	2478,97509578544	NA	NA	NA
XA2ES	SCS 205 - Riqueza	3	87	2	1	1	3	3	2963,39719029374	NA	NA	NA
XA2ES	SCS 205 - Riqueza	4	91	2	1	1	3	3	2264,36781609195	NA	NA	NA

